991
987
982
979
973
973
967
961
949
948
941
934
928
916
913
913
913
906
906
899
898
875
874
855
846
843
842
839
804
803
798
790
783
780
776
769
767
761
749
747
744
743
730
729
727
725
710
706
705
702
691
691
689
688
684
682
675
675
674
668
667
664
653
644
641
640
639
639
635
634
629
618
615
615
606
600
592
590
587
587
586
577
573
570
569
565
564
562
561
560
557
556
551
550
548
535
531
530
518
516
504
503
500
479
477
473
461
457
456
454
453
452
445
437
437
427
425
414
413
406
398
396
389
388
378
367
364
364
361
358
354
352
345
343
340
332
332
318
310
309
297
294
294
285
271
269
269
265
263
263
258
252
248
242
236
236
226
226
202
198
194
189
188
180
175
172
161
161
155
155
146
143
143
137
130
125
122
116
112
111
104
103
94
90
85
82
78
78
68
67
58
52
50
50
40
32
29
17
8
0
