0
8
17
29
32
40
50
50
52
58
67
68
78
78
82
85
90
94
103
104
111
112
116
122
125
130
137
143
143
146
155
155
161
161
172
175
180
188
189
194
198
202
226
226
236
236
242
248
252
258
263
263
265
269
269
271
285
294
294
297
309
310
318
332
332
340
343
345
352
354
358
361
364
364
367
378
388
389
396
398
406
413
414
425
427
437
437
445
452
453
454
456
457
461
473
477
479
500
503
504
516
518
530
531
535
548
550
551
556
557
560
561
562
564
565
569
570
573
577
586
587
587
590
592
600
606
615
615
618
629
634
635
639
639
640
641
644
653
664
667
668
674
675
675
682
684
688
689
691
691
702
705
706
710
725
727
729
730
743
744
747
749
761
767
769
776
780
783
790
798
803
804
839
842
843
846
855
874
875
898
899
906
906
913
913
913
916
928
934
941
948
949
961
967
973
973
979
982
987
991
